$ANSIBLE_VAULT;1.1;AES256
32636665663433376439386466343763643833333737353766666332653432346639356336323337
3763386665303561343335646231393236323036623063380a373737373036376461343939316362
38666337343232353966323936646666663931363739346663623765393436316532303031323166
3630326235373466310a376433373766343765633830303236313938333335333563623830303337
63306535393763383165303432646435616362346339626630386461336362626464343862313064
31663235643438343235643466353238363065623536373835333962353530396236623438663638
34613733666633663563363537316133663864613262306234636430396439366438656430343564
64613739663461323765663066343139666433666334366230383637663265383335636237383265
31613431313630323031636165356332646236346636383137353266643138336237613033353563
31316261386238363039616230333031646638613763623863343030323564356336356137666666
64383039346230396361653539323933396464633038616561373661393633303234653530383434
38323238313835393633353035383865616563396134303238396461626332353930303665323962
33303961646664393630613939373733383439353336333962613235626636306364313238616535
34396538343233363437346637363464356437666564653131343638643564656535363331303234
36343130363836303436343530653037326630633632363136346530353531346161313662613232
33326238373839656561303833333061636564303534633436613766333462643766373135303637
38346462396638363733613437396632623236333765616561363737363761646363393564366433
61656664373065613039373930373364356130636639356132306164323339363063623436303730
34316237393261396266613034393731346235663764316130393464303465383861383534626164
38656466616438343337396164346238313464366434666335376362353731323062336137356562
63383131356230666662313230396632643532376666363836306537653365353630353835656466
37393633366132663230636465303462373034306233353265353638623066636438396465363861
64363933343962633366303464383962376565646230666539346532623264343063336134666639
39623838323064393038353663663538666661303832333739663064393065653530633932336236
30666362346364333165323466623166303164626332353833393765356131373934613838636639
33316135353739343335626636633963323861396235656639303137313165613766346262626437
35323835363464393234383637656264333263663735653736653361363234386532636138613638
39363765653563333266633361616534666539663839313239373437646562646635343263376530
35343433653630643339613962343366336635393565316162663834663939643361323536663035
33343335333434396537356438383930383535323836643537323631633131353335373437386461
31316134376234663635313161333237383430303235623862633162633563323134623963373035
38363038373833363064376437306636343934386439346139623566316461346266666662666561
38323838363239663134623665393264313464373238373736326430663434336630316634383139
61306362653931303065303762363134313462653934353234636163653665666336393363376631
64636162356530386661343838393634386339613732626637373162613330373764666165376133
39373462636465333331646134343638356432613163663830353433333338326431376433356637
32336464303538373364373335306463386166323830343065623235323762343835656664323137
62333631376563343232653931653762613633656261386436316239653466336337343337363339
32313762633765376561303735373330313165623763323731626636616138353530643464643666
35393539363532376434643135353934366336383961323232353531613264373434343938623463
66663833646633613463306161613061363065633865383262363939323238663537343237636236
3839316437633338323231333838386330316439393430396336
